version https://git-lfs.github.com/spec/v1
oid sha256:5684f05acf2520a5f64a654f0c67e682406e8cf88b4b93356ebfaa9c24e703a8
size 9264
