version https://git-lfs.github.com/spec/v1
oid sha256:e5a9a0fd03f4bdc7643a83acd3e956eda8fd97882155a6770871d926fb38ac59
size 7133
