version https://git-lfs.github.com/spec/v1
oid sha256:d10a64e6f738b0c30a785ab8b612ba4bf5bb4cd195a788fd454503a89dd87a6a
size 9237
