version https://git-lfs.github.com/spec/v1
oid sha256:c075ab983c445c6db6d571a4ff272f02c404ee88fe36be7a4dce2880738ab943
size 9060
